-0.000000 0.394383 102.591218 -0.000000 -0.000000
-0.000000 0.911647 431.220605 -0.000000 -0.000000
-0.000000 0.768230 69.309681 -0.000000 -0.000000
0.999807 0.477397 8.773284 0.000000 0.000000
0.000000 0.513401 -82.213524 0.000000 0.000000
0.840624 0.635712 1.662877 -0.000000 -0.000000
-0.000000 0.606969 322.588650 0.000000 0.000000
-0.000000 0.137232 313.666312 0.000000 0.000000
0.532402 0.400944 0.129790 0.000000 0.000000
0.554349 0.998925 0.218257 0.000000 0.000000
0.648543 0.839112 0.612640 0.000000 0.000000
0.628150 0.637552 0.524287 0.000000 0.000000
0.572612 0.972775 0.292517 0.000000 0.000000
0.683502 0.526745 0.769914 0.000000 0.000000
0.570359 0.891529 0.283315 0.000000 0.000000
0.714844 0.807725 0.919026 0.000000 0.000000
0.628549 0.949327 0.525995 0.000000 0.000000
0.659985 0.192214 0.663227 0.000000 0.000000
0.516037 0.348893 0.064171 0.000000 0.000000
0.515769 0.457702 0.063096 0.000000 0.000000
