0.516106 7155.147008 0.064446 0.128893 -0.000000
0.516106 255.178140 0.064446 0.128893 -0.000000
0.516106 255.611128 0.064446 0.128893 -0.000000
0.516106 256.227213 0.064446 0.128893 -0.000000
0.516106 256.759033 0.064446 0.128893 -0.000000
0.516106 255.648393 0.064446 0.128893 -0.000000
0.516106 255.945898 0.064446 0.128893 -0.000000
0.516106 255.698980 0.064446 0.128893 -0.000000
0.516106 256.418173 0.064446 0.128893 -0.000000
0.516106 256.486573 0.064446 0.128893 -0.000000
0.516106 257.213910 0.064446 0.128893 -0.000000
0.516106 255.759310 0.064446 0.128893 -0.000000
0.516106 255.930081 0.064446 0.128893 -0.000000
0.516106 255.985277 0.064446 0.128893 -0.000000
0.516106 257.617718 0.064446 0.128893 -0.000000
0.516106 257.514704 0.064446 0.128893 -0.000000
0.516106 256.685263 0.064446 0.128893 -0.000000
0.516106 256.093482 0.064446 0.128893 -0.000000
0.516106 256.060835 0.064446 0.128893 -0.000000
0.516106 256.315429 0.064446 0.128893 -0.000000
0.516106 257.471923 0.064446 0.128893 -0.000000
0.516106 257.875572 0.064446 0.128893 -0.000000
0.516106 257.138844 0.064446 0.128893 -0.000000
0.516106 255.822801 0.064446 0.128893 -0.000000
0.516106 256.591702 0.064446 0.128893 -0.000000
0.516106 255.618283 0.064446 0.128893 -0.000000
0.516106 257.536953 0.064446 0.128893 -0.000000
0.516106 257.233963 0.064446 0.128893 -0.000000
0.516106 257.325518 0.064446 0.128893 -0.000000
0.516106 256.368681 0.064446 0.128893 -0.000000
0.516106 256.614187 0.064446 0.128893 -0.000000
0.516106 256.839178 0.064446 0.128893 -0.000000
0.516106 257.107548 0.064446 0.128893 -0.000000
0.516106 257.630324 0.064446 0.128893 -0.000000
0.516106 256.000220 0.064446 0.128893 -0.000000
0.516106 254.595006 0.064446 0.128893 -0.000000
0.516106 256.254096 0.064446 0.128893 -0.000000
0.516106 256.728571 0.064446 0.128893 -0.000000
0.516106 257.561914 0.064446 0.128893 -0.000000
0.516106 257.540624 0.064446 0.128893 -0.000000
0.516106 256.781989 0.064446 0.128893 -0.000000
0.516106 255.371207 0.064446 0.128893 -0.000000
0.516106 256.249164 0.064446 0.128893 -0.000000
0.516106 256.216470 0.064446 0.128893 -0.000000
0.516106 257.755438 0.064446 0.128893 -0.000000
0.516106 257.415332 0.064446 0.128893 -0.000000
0.516106 257.195602 0.064446 0.128893 -0.000000
0.516106 255.956937 0.064446 0.128893 -0.000000
0.516106 255.665704 0.064446 0.128893 -0.000000
0.516106 256.998644 0.064446 0.128893 -0.000000
0.516106 257.412761 0.064446 0.128893 -0.000000
0.516106 2.600853 0.064446 0.128893 -0.000000
